-4.660128e-01 -6.004190e-1 9.464207e-1 8.206434e-1 9.764257e0
-4.330119e-01 -6.004190e-1 9.097643e-1 1.249616e0 5.137467e0
-4.000110e-01 -6.004190e-1 8.639438e-1 1.158661e0 4.704580e0
-3.660101e-01 -5.901746e-1 8.328108e-1 1.329883e0 3.169302e1
-3.330092e-01 -5.815663e-1 7.768564e-1 3.219306e0 5.786069e0
-3.000083e-01 -5.643496e-1 6.219059e-1 2.398474e0 1.400328e1
-2.660073e-01 -5.600454e-1 6.176018e-1 1.279967e0 1.096882e1
-2.330064e-01 -5.385245e-1 5.401265e-1 2.536612e0 2.304320e1
-2.000055e-01 -5.083952e-1 4.583471e-1 2.674256e0 9.454402e0
-1.660046e-01 -4.653534e-1 3.765677e-1 2.765294e0 1.345126e1
-1.330037e-01 -4.137032e-1 2.990924e-1 3.208721e0 1.870001e1
-1.000027e-01 -3.362280e-1 2.087046e-1 3.725904e0 2.005196e1
-6.600180e-02 -2.329277e-1 1.269252e-1 3.813481e0 2.193764e1
-3.300090e-02 -1.210190e-1 7.097085e-2 3.694191e0 2.625786e1
0.000000e+00 -4.806106e-3 4.084158e-2 3.880526e0 1.865355e1
3.400100e-02 1.372318e-1 4.084158e-2 3.790144e0 -8.342120e0
6.700190e-02 2.491405e-1 4.084158e-2 3.206069e0 2.794145e1
1.340037e-01 6.063875e-1 2.792904e-2 3.854384e0 -3.003163e1
2.000055e-01 7.182962e-1 2.792904e-2 3.276856e0 2.725092e1
2.340065e-01 8.259007e-1 2.792904e-2 3.212629e0 2.224565e0
2.670074e-01 9.335052e-1 2.362486e-2 3.456907e0 6.026588e0
3.000083e-01 1.054022e0 2.362486e-2 3.662228e0 5.561413e-1
3.340092e-01 1.178844e0 2.792904e-2 3.469540e0 2.447022e1
4.000111e-01 1.510265e0 2.792904e-2 3.211986e0 -3.336848e1
4.670133e-01 1.596349e0 2.792904e-2 3.196105e0 3.232443e1
5.000143e-01 1.712562e0 3.223322e-2 3.340466e0 2.224565e0
5.340143e-01 1.820166e0 2.792904e-2 3.212629e0 -3.336848e0
5.670153e-01 1.927771e0 2.792904e-2 3.195440e0 -4.930845e0
6.000163e-01 2.031071e0 2.792904e-2 2.891501e0 5.561413e-1
6.340173e-01 2.121459e0 2.362486e-2 3.084176e0 5.561413e0
6.670183e-01 2.237672e0 2.362486e-2 3.456292e0 -5.478717e-1
7.000193e-01 2.349581e0 2.362486e-2 3.019267e0 -5.005272e0
7.340203e-01 2.439968e0 2.362486e-2 2.955726e0 -3.336848e0
7.670213e-01 2.547573e0 2.792904e-2 2.999801e0 -1.095743e0
8.000223e-01 2.637961e0 2.362486e-2 2.763055e0 -1.668424e0
8.340233e-01 2.732653e0 3.223322e-2 2.890788e0 5.561413e-1
8.670243e-01 2.831649e0 2.362486e-2 2.869374e0 1.095743e0
9.000253e-01 2.922037e0 3.223322e-2 2.890788e0 -5.561413e-1
9.340253e-01 3.025337e0 2.362486e-2 2.890788e0 2.502636e1
1.000027e+00 3.309413e0 2.362486e-2 2.957819e0 -2.447022e1
1.067029e+00 3.404105e0 2.362486e-2 2.543309e0 2.027125e1
1.100030e+00 3.481580e0 2.362486e-2 2.506173e0 2.780707e0
1.134031e+00 3.571968e0 1.932068e-2 2.762308e0 7.229837e0
1.167032e+00 3.666660e0 2.362486e-2 3.000509e0 0.000000e0
1.200033e+00 3.769960e0 1.501650e-2 2.827278e0 0.000000e0
1.234034e+00 3.856044e0 1.932068e-2 2.827278e0 -4.449130e0
1.267035e+00 3.959344e0 1.932068e-2 2.739725e0 -3.287230e0
1.300036e+00 4.036819e0 1.501650e-2 2.441110e0 -4.449130e0
1.334037e+00 4.122903e0 1.932068e-2 2.508641e0 1.668424e0
1.367037e+00 4.204682e0 2.362486e-2 2.546651e0 5.478717e-1
1.400038e+00 4.290766e0 2.792904e-2 2.569589e0 -1.112283e0
1.434039e+00 4.376850e0 2.362486e-2 2.444488e0 1.112283e0
1.467040e+00 4.454325e0 1.932068e-2 2.608522e0 -1.095743e0
1.500041e+00 4.549017e0 2.362486e-2 2.506173e0 -4.276489e-1
1.534042e+00 4.622188e0 2.362486e-2 2.384897e0 -2.651929e0
1.567043e+00 4.708769e0 2.722749e-2 2.492386e0 2.607618e1
1.634045e+00 4.966522e0 1.932068e-2 2.949631e0 -2.221367e1
1.700047e+00 5.056910e0 2.362486e-2 2.248390e0 1.835266e1
1.734048e+00 5.134385e0 1.932068e-2 2.441110e0 2.447022e1
1.800049e+00 5.384028e0 2.362486e-2 2.119911e0 -2.280179e1
1.867051e+00 5.452895e0 2.362486e-2 2.543309e0 2.465422e1
1.900052e+00 5.530370e0 2.362486e-2 2.376870e0 -5.005272e0
1.934053e+00 5.612149e0 2.362486e-2 2.252058e0 -5.561413e-1
1.967054e+00 5.681016e0 3.223322e-2 2.282457e0 -5.478717e-1
2.000055e+00 5.762796e0 2.362486e-2 2.316196e0 3.336848e0
2.034056e+00 5.835967e0 2.362486e-2 2.377738e0 -1.668424e0
2.067057e+00 5.922050e0 1.932068e-2 2.347670e0 -1.095743e0
2.100058e+00 5.990917e0 2.362486e-2 2.187926e0 -5.561413e0
2.134059e+00 6.068392e0 2.792904e-2 2.059682e0 0.000000e0
2.167060e+00 6.128651e0 3.223322e-2 2.087836e0 2.191487e0
2.200060e+00 6.206126e0 3.223322e-2 2.312630e0 3.336848e0
2.234061e+00 6.283601e0 3.223322e-2 2.249308e0 -2.780707e0
2.267062e+00 6.356773e0 3.653740e-2 2.153019e0 -2.739358e0
2.300063e+00 6.425639e0 3.653740e-2 2.056675e0 1.112283e0
2.334064e+00 6.494506e0 3.223322e-2 2.187926e0 0.000000e0
2.367065e+00 6.571982e0 2.792904e-2 2.152031e0 -1.643615e0
2.400066e+00 6.636544e0 3.223322e-2 1.992467e0 -5.005272e0
2.434067e+00 6.705411e0 3.223322e-2 1.864059e0 -5.561413e-1
2.467068e+00 6.761366e0 3.653740e-2 1.892303e0 -5.478717e-1
2.500069e+00 6.830232e0 3.653740e-2 1.928262e0 4.449130e0
2.534070e+00 6.890491e0 4.084158e-2 2.056675e0 1.112283e0
2.567071e+00 6.967966e0 4.084158e-2 2.153019e0 5.478717e-1
2.600071e+00 7.032529e0 3.653740e-2 1.992467e0 -3.892989e0
2.634072e+00 7.101396e0 3.653740e-2 1.936804e0 3.336848e0
2.667073e+00 7.161654e0 2.362486e-2 2.155979e0 -2.739358e0
2.700074e+00 7.243434e0 2.792904e-2 1.936804e0 -3.336848e0
2.734075e+00 7.290780e0 3.653740e-2 1.681315e0 -1.112283e0
2.767076e+00 7.355342e0 4.084158e-2 2.025808e0 3.835102e0
2.800077e+00 7.424209e0 2.792904e-2 1.944247e0 -2.224565e0
2.834078e+00 7.484468e0 2.362486e-2 1.799859e0 1.112283e0
2.867079e+00 7.544726e0 2.362486e-2 2.022656e0 4.930845e0
2.900080e+00 7.617897e0 2.792904e-2 2.185095e0 0.000000e0
2.934081e+00 7.691068e0 2.792904e-2 1.991431e0 -6.117554e0
2.967082e+00 7.751327e0 2.792904e-2 1.760752e0 -3.835102e0
3.000083e+00 7.807281e0 2.792904e-2 1.734473e0 -5.561413e-1
3.034083e+00 7.867540e0 2.792904e-2 1.735662e0 2.780707e0
3.067084e+00 7.923494e0 3.223322e-2 1.891179e0 -2.739358e0
3.100085e+00 7.992361e0 2.792904e-2 1.681315e0 -1.112283e0
3.134086e+00 8.035403e0 1.932068e-2 1.611124e0 1.668424e0
3.167087e+00 8.099966e0 3.653740e-2 1.973705e0 6.574460e0
3.200088e+00 8.164528e0 3.653740e-2 1.995572e0 -1.668424e0
3.234089e+00 8.233395e0 2.792904e-2 1.872894e0 -5.005272e0
3.267090e+00 8.289350e0 2.362486e-2 1.631630e0 -4.930845e0
3.300091e+00 8.341000e0 2.362486e-2 1.541753e0 2.224565e0
3.334092e+00 8.392650e0 2.362486e-2 1.734473e0 -1.668424e0